Generate Time:       0.02875
Build Time:          0.01373
Graph has 65536 nodes and 909645 undirected edges for degree: 13
    0          1     0.16689
   15          1     0.04287
   16          1     0.07618
   18          1     0.25264
   19          2     0.26696
   20         13     0.13262
   21         50     0.33339
   22        298     0.67105
   23        963     0.32478
   24       1750     0.36905
   25       2065     0.09693
   26       2080     0.06006
   27       2090     0.05568
   28       1955     0.04057
   29       1832     0.03563
   30       1723     0.02425
   31       1682     0.03028
   32       1628     0.02787
   33       1489     0.02631
   34       1441     0.02967
   35       1367     0.02983
   36       1292     0.02189
   37       1284     0.02696
   38       1280     0.02032
   39       1273     0.02454
   40       1146     0.02149
   41       1178     0.02372
   42       1104     0.02276
   43       1034     0.01976
   44        967     0.02365
   45       1020     0.02369
   46       1002     0.02455
   47        989     0.01928
   48        990     0.02608
   49        917     0.01935
   50        948     0.02229
   51        901     0.02185
   52        871     0.01903
   53        802     0.01689
   54        784     0.02479
   55        832     0.01691
   56        818     0.02637
   57        808     0.02157
   58        720     0.02245
   59        776     0.02427
   60        730     0.01759
   61        755     0.02446
   62        711     0.02398
   63        684     0.02375
   64        687     0.01720
   65        700     0.02226
   66        721     0.01800
   67        692     0.02415
   68        661     0.01712
   69        633     0.02378
   70        649     0.02169
   71        652     0.02097
   72        587     0.01847
   73        597     0.02013
   74        531     0.01478
   75        610     0.02349
   76        589     0.02012
   77        576     0.01826
   78        563     0.01454
   79        615     0.02313
   80        547     0.01854
   81        575     0.01973
   82        527     0.01956
   83        546     0.01902
   84        522     0.02062
   85        505     0.02134
   86        487     0.01516
   87        508     0.02424
   88        508     0.02200
   89        552     0.02067
   90        465     0.02128
   91        502     0.01808
   92        459     0.01949
   93        496     0.02181
   94        470     0.02152
   95        427     0.01624
   96        442     0.02250
   97        461     0.01990
   98        472     0.01658
   99        430     0.02071
  100        454     0.02060
  101        465     0.01889
  102        465     0.01557
  103        457     0.01921
  104        413     0.02486
  105        443     0.01749
  106        387     0.02127
  107        386     0.01770
  108        428     0.01870
  109        424     0.01594
  110        421     0.02278
  111        404     0.01701
  112        397     0.02354
  113        381     0.01920
  114        369     0.01847
  115        391     0.02060
  116        365     0.01812
  117        404     0.02054
  118        365     0.01468
  119        396     0.02427
  120        379     0.01944
  121        356     0.01921
  122        380     0.01816
  123        364     0.02377
  124        401     0.02173
  125        387     0.01716
  126        375     0.02142
  127        366     0.02087
  128        348     0.01720
  129        390     0.02391
  130        349     0.02075
  131        316     0.01808
  132        345     0.02029
  133        375     0.01863
  134        331     0.01809
  135        334     0.02102
  136        322     0.01884
  137        345     0.02190
  138        345     0.01844
  139        347     0.02157
  140        360     0.01867
  141        353     0.01952
  142        315     0.01825
  143        291     0.01837
  144        295     0.01949
  145        367     0.01990
  146        316     0.01481
  147        285     0.02446
  148        272     0.01493
  149        292     0.02326
  150        301     0.01470
  151        316     0.01883
  152        307     0.02213
  153        304     0.02402
  154        308     0.01721
  155        288     0.01942
  156        271     0.02068
  157        291     0.01897
  158        276     0.02023
  159        283     0.02077
  160        270     0.02032
  161        297     0.01529
  162        289     0.02151
  163        261     0.01648
  164        289     0.02329
  165        292     0.01470
  166        298     0.03399
  167        296     0.02123
  168        272     0.01802
  169        281     0.02018
  170        285     0.02078
  171        264     0.02099
  172        320     0.01744
  173        267     0.02150
  174        265     0.01916
  175        279     0.01620
  176        243     0.02338
  177        285     0.01723
  178        281     0.02077
  179        261     0.02218
  180        281     0.01794
  181        282     0.01505
  182        238     0.02267
  183        265     0.01773
  184        277     0.01861
  185        257     0.01752
  186        245     0.01822
  187        233     0.01795
  188        272     0.02040
  189        302     0.01820
  190        241     0.01890
  191        228     0.02038
  192        228     0.01881
  193        225     0.01924
  194        248     0.02207
  195        233     0.01922
  196        251     0.02094
  197        268     0.01536
  198        235     0.02124
  199        232     0.01860
  200        233     0.01942
  201        231     0.02113
  202        237     0.01873
  203        212     0.02009
  204        236     0.01619
  205        262     0.02322
  206        236     0.01489
  207        214     0.02485
  208        219     0.02053
  209        236     0.01753
  210        238     0.01871
  211        238     0.01523
  212        248     0.02223
  213        205     0.02050
  214        226     0.01917
  215        200     0.01952
  216        212     0.02073
  217        216     0.02144
  218        213     0.01887
  219        221     0.01848
  220        209     0.02456
  221        234     0.01904
  222        223     0.02033
  223        205     0.01529
  224        235     0.02419
  225        225     0.01804
  226        201     0.01998
  227        186     0.01789
  228        221     0.01849
  229        196     0.01956
  230        190     0.01621
  231        201     0.02481
  232        217     0.01828
  233        221     0.01980
  234        193     0.02178
  235        202     0.01461
  236        210     0.01914
  237        193     0.02376
  238        217     0.01853
  239        232     0.01900
  240        200     0.01433
  241        200     0.02258
  242        200     0.02001
  243        179     0.01440
  244        199     0.01867
  245        190     0.02066
  246        199     0.02016
  247        201     0.02143
  248        227     0.01943
  249        178     0.01884
  250        191     0.01581
  251        198     0.01882
  252        191     0.02359
  253        215     0.01581
  254        192     0.02448
  255        193     0.01871
  256        206     0.02096
  257        208     0.01813
  258        168     0.02267
  259        192     0.01561
  260        165     0.02469
  261        173     0.01689
  262        179     0.01923
  263        209     0.02081
  264        179     0.01676
  265        179     0.01863
  266        186     0.02266
  267        189     0.01469
  268        201     0.02254
  269        175     0.01882
  270        169     0.02044
  271        174     0.01880
  272        159     0.01777
  273        179     0.01819
  274        161     0.02220
  275        151     0.01963
  276        165     0.01950
  277        101     0.01543
  278         78     0.02409
  279         23     0.01981
  280         17     0.01944
  281          7     0.01781
  282          9     0.01744
  283          5     0.02284
  284          6     0.02032
  285          7     0.01774
  286          7     0.01844
  287          4     0.02039
  288          3     0.02319
  289          3     0.02168
  290          3     0.01858
  291          1     0.01942
  292          3     0.01792
  294          1     0.02104
  295          1     0.01885
  296          3     0.02076
  297          6     0.01973
  298          1     0.01819
  299          2     0.01729
  300          2     0.01861
  302          1     0.02040
  307          1     0.01843
  308          1     0.01842
  309          2     0.01810
  310          1     0.02305
  311          2     0.01931
  312          1     0.02063
  313          1     0.01903
  318          1     0.02053
  321          1     0.02067
  322          1     0.01498
  323          1     0.02499
  326          1     0.02046
  329          1     0.01798
  331          1     0.02023
  335          1     0.01831
  339          1     0.01851
  340          1     0.02008
  348          1     0.02012
  356          1     0.01868
  362          1     0.01767
  371          1     0.01819
  382          1     0.01531
  385          1     0.02018
  397          1     0.02099
  398          1     0.01844
  403          1     0.01538
  404          1     0.02365
  411          1     0.01937
  415          1     0.01825
  416          1     0.01761
  417          1     0.02050
  440          1     0.01900
  443          1     0.01918
  458          1     0.01785
  462          1     0.01533
  473          1     0.02127
  483          1     0.02315
  514          1     0.01934
took 324 iterations
Trial Time:          0.00951
Average Time:        0.00951
