Read Time:           4.54313
Graph has 61578415 nodes and 1468364884 directed edges for degree: 23
  0    0.984809
  1    0.200304
  2    0.062040
  3    0.028723
  4    0.017457
  5    0.011817
  6    0.008301
  7    0.005904
  8    0.004218
  9    0.003022
 10    0.002168
 11    0.001558
 12    0.001120
 13    0.000806
 14    0.000580
 15    0.000417
 16    0.000300
 17    0.000216
 18    0.000156
 19    0.000112
Trial Time:          27.46667
  0    0.984804
  1    0.200294
  2    0.062038
  3    0.028724
  4    0.017458
  5    0.011818
  6    0.008301
  7    0.005905
  8    0.004219
  9    0.003022
 10    0.002169
 11    0.001558
 12    0.001120
 13    0.000806
 14    0.000580
 15    0.000417
 16    0.000300
 17    0.000216
 18    0.000156
 19    0.000112
Trial Time:          29.85585
  0    0.984797
  1    0.200292
  2    0.062036
  3    0.028724
  4    0.017458
  5    0.011819
  6    0.008302
  7    0.005905
  8    0.004219
  9    0.003022
 10    0.002169
 11    0.001558
 12    0.001120
 13    0.000806
 14    0.000580
 15    0.000417
 16    0.000300
 17    0.000216
 18    0.000156
 19    0.000112
Trial Time:          29.40349
  0    0.984808
  1    0.200300
  2    0.062042
  3    0.028725
  4    0.017457
  5    0.011817
  6    0.008301
  7    0.005904
  8    0.004218
  9    0.003022
 10    0.002168
 11    0.001558
 12    0.001120
 13    0.000806
 14    0.000580
 15    0.000417
 16    0.000300
 17    0.000216
 18    0.000156
 19    0.000112
Trial Time:          29.83070
  0    0.984802
  1    0.200293
  2    0.062038
  3    0.028724
  4    0.017457
  5    0.011817
  6    0.008301
  7    0.005904
  8    0.004218
  9    0.003022
 10    0.002169
 11    0.001558
 12    0.001120
 13    0.000806
 14    0.000580
 15    0.000417
 16    0.000300
 17    0.000216
 18    0.000155
 19    0.000112
Trial Time:          29.78871
  0    0.984795
  1    0.200285
  2    0.062039
  3    0.028726
  4    0.017458
  5    0.011818
  6    0.008301
  7    0.005904
  8    0.004218
  9    0.003022
 10    0.002168
 11    0.001558
 12    0.001120
 13    0.000805
 14    0.000579
 15    0.000417
 16    0.000300
 17    0.000216
 18    0.000155
 19    0.000112
Trial Time:          29.79866
  0    0.984812
  1    0.200305
  2    0.062040
  3    0.028725
  4    0.017457
  5    0.011817
  6    0.008300
  7    0.005904
  8    0.004218
  9    0.003022
 10    0.002168
 11    0.001558
 12    0.001120
 13    0.000805
 14    0.000579
 15    0.000417
 16    0.000300
 17    0.000216
 18    0.000155
 19    0.000112
Trial Time:          29.85853
  0    0.984813
  1    0.200306
  2    0.062047
  3    0.028725
  4    0.017457
  5    0.011816
  6    0.008300
  7    0.005904
  8    0.004218
  9    0.003021
 10    0.002168
 11    0.001558
 12    0.001120
 13    0.000805
 14    0.000579
 15    0.000417
 16    0.000300
 17    0.000216
 18    0.000155
 19    0.000112
Trial Time:          30.12848
  0    0.984792
  1    0.200289
  2    0.062033
  3    0.028722
  4    0.017458
  5    0.011819
  6    0.008302
  7    0.005905
  8    0.004219
  9    0.003022
 10    0.002169
 11    0.001558
 12    0.001120
 13    0.000806
 14    0.000580
 15    0.000417
 16    0.000300
 17    0.000216
 18    0.000156
 19    0.000112
Trial Time:          29.65673
  0    0.984814
  1    0.200304
  2    0.062040
  3    0.028723
  4    0.017456
  5    0.011816
  6    0.008300
  7    0.005904
  8    0.004218
  9    0.003022
 10    0.002168
 11    0.001558
 12    0.001120
 13    0.000805
 14    0.000579
 15    0.000417
 16    0.000300
 17    0.000216
 18    0.000155
 19    0.000112
Trial Time:          29.82209
  0    0.984809
  1    0.200305
  2    0.062048
  3    0.028725
  4    0.017456
  5    0.011816
  6    0.008300
  7    0.005904
  8    0.004218
  9    0.003021
 10    0.002168
 11    0.001558
 12    0.001120
 13    0.000805
 14    0.000579
 15    0.000417
 16    0.000300
 17    0.000216
 18    0.000155
 19    0.000112
Trial Time:          29.73532
  0    0.984803
  1    0.200293
  2    0.062041
  3    0.028724
  4    0.017458
  5    0.011818
  6    0.008301
  7    0.005904
  8    0.004218
  9    0.003022
 10    0.002168
 11    0.001558
 12    0.001120
 13    0.000805
 14    0.000579
 15    0.000417
 16    0.000300
 17    0.000216
 18    0.000155
 19    0.000112
Trial Time:          30.32039
  0    0.984806
  1    0.200298
  2    0.062041
  3    0.028725
  4    0.017456
  5    0.011817
  6    0.008300
  7    0.005904
  8    0.004218
  9    0.003022
 10    0.002168
 11    0.001558
 12    0.001120
 13    0.000806
 14    0.000580
 15    0.000417
 16    0.000300
 17    0.000216
 18    0.000156
 19    0.000112
Trial Time:          29.68031
  0    0.984806
  1    0.200302
  2    0.062042
  3    0.028725
  4    0.017458
  5    0.011817
  6    0.008301
  7    0.005904
  8    0.004218
  9    0.003022
 10    0.002168
 11    0.001558
 12    0.001120
 13    0.000805
 14    0.000579
 15    0.000417
 16    0.000300
 17    0.000216
 18    0.000155
 19    0.000112
Trial Time:          30.04765
  0    0.984801
  1    0.200296
  2    0.062041
  3    0.028724
  4    0.017458
  5    0.011818
  6    0.008301
  7    0.005905
  8    0.004218
  9    0.003022
 10    0.002169
 11    0.001558
 12    0.001120
 13    0.000806
 14    0.000580
 15    0.000417
 16    0.000300
 17    0.000216
 18    0.000156
 19    0.000112
Trial Time:          29.96720
  0    0.984805
  1    0.200299
  2    0.062044
  3    0.028725
  4    0.017457
  5    0.011817
  6    0.008301
  7    0.005904
  8    0.004218
  9    0.003022
 10    0.002169
 11    0.001558
 12    0.001120
 13    0.000806
 14    0.000580
 15    0.000417
 16    0.000300
 17    0.000216
 18    0.000156
 19    0.000112
Trial Time:          30.05581
  0    0.984800
  1    0.200299
  2    0.062037
  3    0.028722
  4    0.017457
  5    0.011817
  6    0.008301
  7    0.005904
  8    0.004219
  9    0.003022
 10    0.002169
 11    0.001558
 12    0.001120
 13    0.000806
 14    0.000580
 15    0.000417
 16    0.000300
 17    0.000216
 18    0.000156
 19    0.000112
Trial Time:          30.01853
  0    0.984803
  1    0.200291
  2    0.062039
  3    0.028725
  4    0.017457
  5    0.011817
  6    0.008301
  7    0.005904
  8    0.004218
  9    0.003022
 10    0.002168
 11    0.001558
 12    0.001120
 13    0.000806
 14    0.000580
 15    0.000417
 16    0.000300
 17    0.000216
 18    0.000156
 19    0.000112
Trial Time:          29.48484
  0    0.984800
  1    0.200298
  2    0.062039
  3    0.028724
  4    0.017458
  5    0.011818
  6    0.008301
  7    0.005904
  8    0.004218
  9    0.003022
 10    0.002169
 11    0.001558
 12    0.001120
 13    0.000806
 14    0.000580
 15    0.000417
 16    0.000300
 17    0.000216
 18    0.000156
 19    0.000112
Trial Time:          29.84569
  0    0.984804
  1    0.200294
  2    0.062040
  3    0.028725
  4    0.017458
  5    0.011818
  6    0.008301
  7    0.005904
  8    0.004218
  9    0.003022
 10    0.002169
 11    0.001558
 12    0.001120
 13    0.000806
 14    0.000580
 15    0.000417
 16    0.000300
 17    0.000216
 18    0.000156
 19    0.000112
Trial Time:          29.81932
  0    0.984814
  1    0.200301
  2    0.062043
  3    0.028724
  4    0.017457
  5    0.011816
  6    0.008300
  7    0.005904
  8    0.004218
  9    0.003022
 10    0.002168
 11    0.001558
 12    0.001120
 13    0.000805
 14    0.000579
 15    0.000417
 16    0.000300
 17    0.000216
 18    0.000155
 19    0.000112
Trial Time:          29.95458
  0    0.984800
  1    0.200297
  2    0.062040
  3    0.028725
  4    0.017458
  5    0.011818
  6    0.008301
  7    0.005905
  8    0.004219
  9    0.003022
 10    0.002169
 11    0.001558
 12    0.001120
 13    0.000806
 14    0.000580
 15    0.000417
 16    0.000300
 17    0.000216
 18    0.000156
 19    0.000112
Trial Time:          29.77778
  0    0.984806
  1    0.200299
  2    0.062041
  3    0.028724
  4    0.017458
  5    0.011817
  6    0.008301
  7    0.005904
  8    0.004218
  9    0.003022
 10    0.002168
 11    0.001558
 12    0.001120
 13    0.000806
 14    0.000579
 15    0.000417
 16    0.000300
 17    0.000216
 18    0.000156
 19    0.000112
Trial Time:          29.48282
  0    0.984810
  1    0.200301
  2    0.062042
  3    0.028723
  4    0.017457
  5    0.011817
  6    0.008301
  7    0.005904
  8    0.004218
  9    0.003022
 10    0.002168
 11    0.001558
 12    0.001120
 13    0.000806
 14    0.000580
 15    0.000417
 16    0.000300
 17    0.000216
 18    0.000156
 19    0.000112
Trial Time:          29.66814
  0    0.984804
  1    0.200297
  2    0.062041
  3    0.028724
  4    0.017457
  5    0.011818
  6    0.008301
  7    0.005905
  8    0.004218
  9    0.003022
 10    0.002169
 11    0.001558
 12    0.001120
 13    0.000806
 14    0.000580
 15    0.000417
 16    0.000300
 17    0.000216
 18    0.000156
 19    0.000112
Trial Time:          29.91479
  0    0.984805
  1    0.200295
  2    0.062046
  3    0.028727
  4    0.017458
  5    0.011817
  6    0.008300
  7    0.005904
  8    0.004218
  9    0.003021
 10    0.002168
 11    0.001558
 12    0.001120
 13    0.000805
 14    0.000579
 15    0.000417
 16    0.000300
 17    0.000216
 18    0.000155
 19    0.000112
Trial Time:          29.68932
  0    0.984800
  1    0.200297
  2    0.062043
  3    0.028725
  4    0.017458
  5    0.011818
  6    0.008301
  7    0.005904
  8    0.004218
  9    0.003022
 10    0.002169
 11    0.001558
 12    0.001120
 13    0.000806
 14    0.000580
 15    0.000417
 16    0.000300
 17    0.000216
 18    0.000156
 19    0.000112
Trial Time:          29.80089
  0    0.984804
  1    0.200298
  2    0.062040
  3    0.028723
  4    0.017457
  5    0.011818
  6    0.008301
  7    0.005904
  8    0.004218
  9    0.003022
 10    0.002169
 11    0.001558
 12    0.001120
 13    0.000806
 14    0.000580
 15    0.000417
 16    0.000300
 17    0.000216
 18    0.000156
 19    0.000112
Trial Time:          29.56449
  0    0.984800
  1    0.200295
  2    0.062037
  3    0.028722
  4    0.017457
  5    0.011818
  6    0.008302
  7    0.005905
  8    0.004219
  9    0.003022
 10    0.002169
 11    0.001558
 12    0.001120
 13    0.000806
 14    0.000580
 15    0.000417
 16    0.000300
 17    0.000216
 18    0.000156
 19    0.000112
Trial Time:          29.72014
  0    0.984808
  1    0.200299
  2    0.062041
  3    0.028724
  4    0.017457
  5    0.011817
  6    0.008301
  7    0.005904
  8    0.004218
  9    0.003022
 10    0.002169
 11    0.001558
 12    0.001120
 13    0.000806
 14    0.000580
 15    0.000417
 16    0.000300
 17    0.000216
 18    0.000156
 19    0.000112
Trial Time:          29.51185
  0    0.984811
  1    0.200302
  2    0.062040
  3    0.028723
  4    0.017457
  5    0.011817
  6    0.008300
  7    0.005904
  8    0.004218
  9    0.003022
 10    0.002168
 11    0.001558
 12    0.001120
 13    0.000806
 14    0.000580
 15    0.000417
 16    0.000300
 17    0.000216
 18    0.000155
 19    0.000112
Trial Time:          30.03147
  0    0.984803
  1    0.200296
  2    0.062043
  3    0.028726
  4    0.017459
  5    0.011818
  6    0.008301
  7    0.005904
  8    0.004218
  9    0.003022
 10    0.002169
 11    0.001558
 12    0.001120
 13    0.000806
 14    0.000580
 15    0.000417
 16    0.000300
 17    0.000216
 18    0.000156
 19    0.000112
Trial Time:          29.67738
  0    0.984801
  1    0.200295
  2    0.062040
  3    0.028725
  4    0.017457
  5    0.011818
  6    0.008301
  7    0.005904
  8    0.004218
  9    0.003022
 10    0.002169
 11    0.001558
 12    0.001120
 13    0.000806
 14    0.000580
 15    0.000417
 16    0.000300
 17    0.000216
 18    0.000156
 19    0.000112
Trial Time:          29.59199
  0    0.984798
  1    0.200300
  2    0.062044
  3    0.028725
  4    0.017457
  5    0.011818
  6    0.008301
  7    0.005904
  8    0.004218
  9    0.003022
 10    0.002169
 11    0.001558
 12    0.001120
 13    0.000806
 14    0.000580
 15    0.000417
 16    0.000300
 17    0.000216
 18    0.000156
 19    0.000112
Trial Time:          29.99263
  0    0.984801
  1    0.200293
  2    0.062041
  3    0.028725
  4    0.017458
  5    0.011818
  6    0.008301
  7    0.005904
  8    0.004218
  9    0.003022
 10    0.002169
 11    0.001558
 12    0.001120
 13    0.000806
 14    0.000580
 15    0.000417
 16    0.000300
 17    0.000216
 18    0.000156
 19    0.000112
Trial Time:          29.86764
  0    0.984807
  1    0.200301
  2    0.062040
  3    0.028724
  4    0.017457
  5    0.011817
  6    0.008300
  7    0.005904
  8    0.004218
  9    0.003022
 10    0.002168
 11    0.001558
 12    0.001120
 13    0.000806
 14    0.000580
 15    0.000417
 16    0.000300
 17    0.000216
 18    0.000156
 19    0.000112
Trial Time:          30.00071
  0    0.984799
  1    0.200291
  2    0.062041
  3    0.028725
  4    0.017458
  5    0.011817
  6    0.008301
  7    0.005904
  8    0.004218
  9    0.003022
 10    0.002169
 11    0.001558
 12    0.001120
 13    0.000806
 14    0.000580
 15    0.000417
 16    0.000300
 17    0.000216
 18    0.000156
 19    0.000112
Trial Time:          30.21024
  0    0.984801
  1    0.200300
  2    0.062040
  3    0.028722
  4    0.017457
  5    0.011818
  6    0.008301
  7    0.005904
  8    0.004218
  9    0.003022
 10    0.002169
 11    0.001558
 12    0.001120
 13    0.000806
 14    0.000580
 15    0.000417
 16    0.000300
 17    0.000216
 18    0.000156
 19    0.000112
Trial Time:          29.68074
  0    0.984804
  1    0.200299
  2    0.062038
  3    0.028722
  4    0.017457
  5    0.011817
  6    0.008301
  7    0.005904
  8    0.004218
  9    0.003022
 10    0.002169
 11    0.001558
 12    0.001120
 13    0.000806
 14    0.000580
 15    0.000417
 16    0.000300
 17    0.000216
 18    0.000156
 19    0.000112
Trial Time:          29.85064
  0    0.984808
  1    0.200302
  2    0.062043
  3    0.028724
  4    0.017457
  5    0.011817
  6    0.008301
  7    0.005904
  8    0.004218
  9    0.003022
 10    0.002168
 11    0.001558
 12    0.001120
 13    0.000806
 14    0.000580
 15    0.000417
 16    0.000300
 17    0.000216
 18    0.000156
 19    0.000112
Trial Time:          29.89025
  0    0.984808
  1    0.200301
  2    0.062042
  3    0.028725
  4    0.017457
  5    0.011817
  6    0.008301
  7    0.005904
  8    0.004218
  9    0.003022
 10    0.002168
 11    0.001558
 12    0.001120
 13    0.000805
 14    0.000579
 15    0.000417
 16    0.000300
 17    0.000216
 18    0.000155
 19    0.000112
Trial Time:          30.16690
  0    0.984805
  1    0.200300
  2    0.062043
  3    0.028725
  4    0.017458
  5    0.011818
  6    0.008301
  7    0.005904
  8    0.004218
  9    0.003022
 10    0.002168
 11    0.001558
 12    0.001120
 13    0.000806
 14    0.000580
 15    0.000417
 16    0.000300
 17    0.000216
 18    0.000156
 19    0.000112
Trial Time:          29.70160
  0    0.984806
  1    0.200296
  2    0.062041
  3    0.028725
  4    0.017457
  5    0.011817
  6    0.008301
  7    0.005904
  8    0.004218
  9    0.003022
 10    0.002168
 11    0.001558
 12    0.001120
 13    0.000806
 14    0.000580
 15    0.000417
 16    0.000300
 17    0.000216
 18    0.000156
 19    0.000112
Trial Time:          29.80253
  0    0.984807
  1    0.200297
  2    0.062040
  3    0.028724
  4    0.017457
  5    0.011817
  6    0.008301
  7    0.005904
  8    0.004218
  9    0.003022
 10    0.002168
 11    0.001558
 12    0.001120
 13    0.000806
 14    0.000580
 15    0.000417
 16    0.000300
 17    0.000216
 18    0.000156
 19    0.000112
Trial Time:          29.85054
  0    0.984799
  1    0.200289
  2    0.062037
  3    0.028725
  4    0.017459
  5    0.011818
  6    0.008301
  7    0.005904
  8    0.004219
  9    0.003022
 10    0.002169
 11    0.001558
 12    0.001120
 13    0.000806
 14    0.000580
 15    0.000417
 16    0.000300
 17    0.000216
 18    0.000156
 19    0.000112
Trial Time:          29.64201
  0    0.984800
  1    0.200288
  2    0.062035
  3    0.028724
  4    0.017458
  5    0.011819
  6    0.008302
  7    0.005905
  8    0.004219
  9    0.003022
 10    0.002169
 11    0.001558
 12    0.001120
 13    0.000806
 14    0.000580
 15    0.000417
 16    0.000300
 17    0.000216
 18    0.000156
 19    0.000112
Trial Time:          29.82194
  0    0.984792
  1    0.200277
  2    0.062043
  3    0.028728
  4    0.017460
  5    0.011819
  6    0.008301
  7    0.005904
  8    0.004218
  9    0.003022
 10    0.002169
 11    0.001558
 12    0.001120
 13    0.000806
 14    0.000580
 15    0.000417
 16    0.000300
 17    0.000216
 18    0.000156
 19    0.000112
Trial Time:          29.69131
  0    0.984801
  1    0.200290
  2    0.062040
  3    0.028724
  4    0.017458
  5    0.011817
  6    0.008301
  7    0.005904
  8    0.004218
  9    0.003022
 10    0.002169
 11    0.001558
 12    0.001120
 13    0.000806
 14    0.000580
 15    0.000417
 16    0.000300
 17    0.000216
 18    0.000156
 19    0.000112
Trial Time:          29.91443
  0    0.984804
  1    0.200299
  2    0.062039
  3    0.028723
  4    0.017458
  5    0.011818
  6    0.008301
  7    0.005904
  8    0.004218
  9    0.003022
 10    0.002169
 11    0.001558
 12    0.001120
 13    0.000806
 14    0.000580
 15    0.000417
 16    0.000300
 17    0.000216
 18    0.000156
 19    0.000112
Trial Time:          29.80428
  0    0.984804
  1    0.200302
  2    0.062039
  3    0.028723
  4    0.017458
  5    0.011818
  6    0.008301
  7    0.005905
  8    0.004219
  9    0.003022
 10    0.002169
 11    0.001558
 12    0.001120
 13    0.000806
 14    0.000580
 15    0.000417
 16    0.000300
 17    0.000216
 18    0.000156
 19    0.000112
Trial Time:          30.05248
  0    0.984813
  1    0.200301
  2    0.062047
  3    0.028725
  4    0.017456
  5    0.011816
  6    0.008300
  7    0.005904
  8    0.004218
  9    0.003021
 10    0.002168
 11    0.001558
 12    0.001120
 13    0.000805
 14    0.000579
 15    0.000417
 16    0.000300
 17    0.000216
 18    0.000155
 19    0.000112
Trial Time:          29.86587
  0    0.984796
  1    0.200299
  2    0.062040
  3    0.028724
  4    0.017458
  5    0.011818
  6    0.008302
  7    0.005905
  8    0.004219
  9    0.003022
 10    0.002169
 11    0.001558
 12    0.001120
 13    0.000806
 14    0.000580
 15    0.000417
 16    0.000300
 17    0.000216
 18    0.000156
 19    0.000112
Trial Time:          29.96479
  0    0.984807
  1    0.200299
  2    0.062043
  3    0.028725
  4    0.017458
  5    0.011817
  6    0.008301
  7    0.005904
  8    0.004218
  9    0.003022
 10    0.002168
 11    0.001558
 12    0.001120
 13    0.000806
 14    0.000580
 15    0.000417
 16    0.000300
 17    0.000216
 18    0.000155
 19    0.000112
Trial Time:          30.00016
  0    0.984798
  1    0.200296
  2    0.062037
  3    0.028723
  4    0.017458
  5    0.011818
  6    0.008302
  7    0.005905
  8    0.004219
  9    0.003022
 10    0.002169
 11    0.001558
 12    0.001120
 13    0.000806
 14    0.000580
 15    0.000417
 16    0.000300
 17    0.000216
 18    0.000156
 19    0.000112
Trial Time:          30.05767
  0    0.984801
  1    0.200297
  2    0.062037
  3    0.028724
  4    0.017458
  5    0.011818
  6    0.008301
  7    0.005904
  8    0.004218
  9    0.003022
 10    0.002169
 11    0.001558
 12    0.001120
 13    0.000806
 14    0.000580
 15    0.000417
 16    0.000300
 17    0.000216
 18    0.000156
 19    0.000112
Trial Time:          29.84384
  0    0.984803
  1    0.200304
  2    0.062039
  3    0.028723
  4    0.017458
  5    0.011818
  6    0.008301
  7    0.005905
  8    0.004219
  9    0.003022
 10    0.002169
 11    0.001558
 12    0.001120
 13    0.000806
 14    0.000580
 15    0.000417
 16    0.000300
 17    0.000216
 18    0.000156
 19    0.000112
Trial Time:          30.42813
  0    0.984809
  1    0.200302
  2    0.062042
  3    0.028725
  4    0.017458
  5    0.011818
  6    0.008301
  7    0.005904
  8    0.004218
  9    0.003022
 10    0.002168
 11    0.001558
 12    0.001120
 13    0.000806
 14    0.000580
 15    0.000417
 16    0.000300
 17    0.000216
 18    0.000155
 19    0.000112
Trial Time:          29.19312
  0    0.984804
  1    0.200300
  2    0.062043
  3    0.028726
  4    0.017458
  5    0.011818
  6    0.008301
  7    0.005904
  8    0.004218
  9    0.003022
 10    0.002169
 11    0.001558
 12    0.001120
 13    0.000806
 14    0.000580
 15    0.000417
 16    0.000300
 17    0.000216
 18    0.000156
 19    0.000112
Trial Time:          29.69543
  0    0.984792
  1    0.200290
  2    0.062042
  3    0.028726
  4    0.017459
  5    0.011819
  6    0.008302
  7    0.005905
  8    0.004219
  9    0.003022
 10    0.002169
 11    0.001558
 12    0.001120
 13    0.000806
 14    0.000580
 15    0.000417
 16    0.000300
 17    0.000216
 18    0.000156
 19    0.000112
Trial Time:          29.58363
  0    0.984803
  1    0.200291
  2    0.062042
  3    0.028725
  4    0.017458
  5    0.011818
  6    0.008301
  7    0.005904
  8    0.004218
  9    0.003022
 10    0.002169
 11    0.001558
 12    0.001120
 13    0.000806
 14    0.000580
 15    0.000417
 16    0.000300
 17    0.000216
 18    0.000156
 19    0.000112
Trial Time:          29.34549
  0    0.984808
  1    0.200295
  2    0.062041
  3    0.028725
  4    0.017458
  5    0.011817
  6    0.008300
  7    0.005904
  8    0.004218
  9    0.003022
 10    0.002168
 11    0.001558
 12    0.001120
 13    0.000805
 14    0.000579
 15    0.000417
 16    0.000300
 17    0.000216
 18    0.000155
 19    0.000112
Trial Time:          29.62065
  0    0.984801
  1    0.200296
  2    0.062043
  3    0.028725
  4    0.017458
  5    0.011818
  6    0.008301
  7    0.005905
  8    0.004219
  9    0.003022
 10    0.002169
 11    0.001558
 12    0.001120
 13    0.000806
 14    0.000580
 15    0.000417
 16    0.000300
 17    0.000216
 18    0.000156
 19    0.000112
Trial Time:          29.76331
  0    0.984797
  1    0.200297
  2    0.062040
  3    0.028723
  4    0.017458
  5    0.011818
  6    0.008301
  7    0.005905
  8    0.004219
  9    0.003022
 10    0.002169
 11    0.001558
 12    0.001120
 13    0.000806
 14    0.000580
 15    0.000417
 16    0.000300
 17    0.000216
 18    0.000156
 19    0.000112
Trial Time:          29.70233
  0    0.984798
  1    0.200293
  2    0.062041
  3    0.028724
  4    0.017458
  5    0.011818
  6    0.008301
  7    0.005905
  8    0.004219
  9    0.003022
 10    0.002169
 11    0.001558
 12    0.001120
 13    0.000806
 14    0.000580
 15    0.000417
 16    0.000300
 17    0.000216
 18    0.000156
 19    0.000112
Trial Time:          29.57081
Average Time:        29.77417
